7
7
15
15
15
15
15
15
15
15
15
15
31
31
31
31
31
31
31
31
31
31
31
31
31
31
31
31
31
31
48
31
48
56
56
56
56
60
60
62
63
63
63
63
63
63
63
63
63
63
63
63
63
63
63
63
63
63
63
63
63
63
63
63
63
63
63
79
79
63
79
79
79
79
88
96
96
96
96
96
96
96
96
96
96
97
97
97
99
99
112
112
112
112
112
112
112
112
112
120
120
120
120
120
120
120
120
124
124
124
124
124
126
126
126
127
127
128
127
128
127
128
127
128
127
128
129
129
131
131
131
135
135
135
135
135
135
135
135
143
143
143
143
143
143
143
143
143
143
143
143
143
143
156
156
158
159
159
159
159
159
159
159
159
159
159
159
159
159
159
159
159
159
159
159
159
159
159
159
159
159
159
159
159
163
163
167
167
176
176
176
192
176
176
192
192
192
192
192
192
192
192
192
192
192
192
192
192
192
192
192
192
192
192
192
192
192
192
192
192
193
193
193
193
195
195
195
195
195
195
195
195
195
195
195
195
195
195
199
199
199
199
199
199
199
199
199