1242
1267
1255
1280
1298
1322
1293
1328
1260
1344
1260
1280
1274
1255
1294
1332
1232
1302
1273
1313
1232
1296
1286
1272
1229
1248
1215
1262
1236
1307
1323
1270
1254
1331
1288
1256
1291
1287
1245
1270
1280
1280
1230
1279
1242
1263
1311
1241
1354
1311
1279
1313
1250
1296
1228
1313
1239
1276
1297
1254
1235
1298
1281
1284
1272
1324
1236
1278
1261
1324
1337
1240
1320
1272
1292
1276
1309
1271
1253
1295
1194
1291
1277
1308
1319
1305
1223
1236
1305
1315
1262
1217
1280
1261
1240
1271
1220
1226
1340
1215
1233
1280
1290
1298
1278
1267
1271
1231
1310
1240
1311
1270
1264
1234
1241
1322
1203
1275
1345
1248
1242
1330
1253
1285
1185
1260
1372
1241
1296
1246
1209
1295
1240
1290
1268
1268
1227
1231
1327
1296
1230
1214
1272
1239
1366
1290
1285
1283
1276
1310
1309
1285
1235
1354
1282
1277
1314
1350
1240
1285
1318
1283
1240
1234
1331
1249
1322
1256
1327
1254
1254
1270
1316
1287
1306
1298
1281
1195
1252
1289
1208
1331
1276
1225
1242
1234
1271
1241
1267
1233
1252
1366
1282
1291
1304
1299
1311
1277
1214
1300
1265
1299
1279
1220
1178
1357
1255
1285
1242
1304
1294
1289
1336
1251
1242
1260
1161
1278
1246
1237
1202
1289
1251
1297
1217
1217
1268
1272
1305
1225
1244
1344
1323
1227
1284
1250
1271
1202
1295
1259
1278
1295
1209
1257
1267
1324
1326
1258
1349
1262
1312
1208
1328
1273
1249
1246
1272
1342
1295
1288
1272
1351
1222
1328
1255
1343
1232
1274
1274
1247
1312
1287
1305
1283
1264
1270
1289
1259
1280
1239
1290
1337
1275
1348
1200
1271
1323
1222
1253
1278
1216
1344
1282
1281
1274
1326
1264
1238
1289
1269
1247
1280
1222
1249
1265
1333
1261
1276
1248
1314
1305
1237
1275
1337
1258
1282
1345
1305
1247
1310
1238
1255
1281
1259
1283
1349
1163
1251
1219
1297
1256
1246
1295
1353
1266
1255
1248
1254
1370
1335
1212
1320
1363
1276
1295
1273
1288
1240
1274
1304
1311
1269
1328
1258
1287
1294
1260
1323
1244
1261
1240
1285
1311
1220
1228
1221
1258
1301
1295
1291
1348
1300
1291
1344
1283
1301
1297
1336
1247
1275
1288
1283
1334
1300
1284
1233
1290
1246
1254
1279
1249
1247
1274
1328
1267
1291
1192
1244
1226
1251
1295
1214
1260
1280
1281
1309
1287
1300
1317
1308
1263
1346
1296
1306
1296
1253
1220
1256
1276
1246
1295
1340
1225
1311
1292
1307
1204
1226
1284
1222
1261
1296
1293
1341
1279
1272
1216
1243
1303
1283
1237
1280
1191
1350
1255
1234
1334
1330
1236
1269
1279
1252
1274
1230
1267
1302
1304
1220
1292
1288
1217
1307
1265
1305
1299
1287
1274
1293
1337
1342
1275
1348
1272
1358
1281
1211
1262
1281
1267
1200
1331
1274
1275
1217
1217
1305
1190
1264
1321
1235
1273
1310
1243
1277
1298
1278
1306
1284
1285
1266