876
806
862
908
900
851
845
913
857
891
914
944
871
913
873
891
931
866
852
962
851
892
874
871
929
862
892
909
883
913
889
850
915
946
917
895
860
905
894
928
899
876
863
864
881
883
929
973
966
878
897
910
911
901
832
900
872
911
918
947
936
874
953
862
945
906
878
897
919
851
877
847
896
901
887
896
881
847
976
873
915
939
925
859
854
822
858
893
819
868
931
898
854
904
907
941
894
935
853
842
936
915
871
854
922
888
884
871
864
892
862
940
847
817
923
894
897
934
884
869
829
896
935
883
871
877
896
893
915
932
865
897
935
896
881
867
812
897
911
838
856
882
897
894
871
864
905
890
873
925
922
885
911
943
877
891
892
885
856
864
855
933
881
943
893
885
900
858
883
905
934
831
909
879
801
944
862
851
880
854
832
885
895
909
921
841
925
862
874
827
904
909
855
803
835
888
885
909
902
896
925
913
872
874
897
857
900
911
900
959
879
848
873
914
913
840
858
909
881
906
916
880
903
940
921
853
851
882
914
928
888
949
868
938
882
942
918
867
912
879
901
861
975
897
916
927
880
905
914
952
865
854
896
925
922
865
860
883
923
859
900
883
901
893
877
880
912
893
868
914
862
898
934
896
904
858
838
872
900
856
908
855
876
932
926
945
879
826
857
950
838
875
920
910
909
872
846
899
866
824
946
851
896
869
907
947
856
899
867
902
915
869
934
956
905
865
853
901
854
928
935
885
883
871
863
919
921
874
878
828
918
911
916
896
942
878
913
912
926
841
844
870
915
889
921
903
928
908
831
830
881
889
840
884
886
843
896
967
889
879
931
868
830
840
868
931
888
862
879
927
868
870
867
843
906
847
888
915
948
893
910
923
865
916
862
937
921
880
899
849
832
864
943
910
848
847
934
944
891
851
841
821
842
863
926
866
939
953
899
935
850
899
872
882
856
950
837
917
883
865
892
883
864
836
856
863
944
863
925
937
911
868
798
913
903
884
878
878
901
905
899
838
900
832
949
920
949
892
940
885
883
863
867
868
903
845
888
870
889
925
818
832
898
910
891
887
912
875
863
874
871
864
928
890
862
903
922
912
899
923
850
891
888
900
924
887
904
867
865
850
913
875
907
908
915
895
841
855
877
900